380.50	0.016	
381.30	0.016	
382.20	0.016	
383.10	0.016	
384.00	0.016	
384.90	0.016	
385.80	0.016	
386.70	0.016	
387.60	0.016	
388.50	0.016	
389.40	0.016	
390.20	0.016	
391.10	0.016	
392.00	0.016	
392.90	0.016	
393.80	0.016	
394.70	0.016	
395.60	0.016	
396.50	0.016	
397.40	0.016	
398.30	0.016	
399.10	0.016	
400.00	0.016	
400.90	0.016	
401.80	0.016	
402.70	0.016	
403.60	0.016	
404.50	0.016	
405.40	0.016	
406.30	0.016	
407.20	0.016	
408.00	0.016	
408.90	0.016	
409.80	0.016	
410.70	0.016	
411.60	0.016	
412.50	0.016	
413.40	0.016	
414.30	0.017	
415.20	0.017	
416.00	0.017	
416.90	0.017	
417.80	0.017	
418.70	0.017	
419.60	0.017	
420.50	0.017	
421.40	0.017	
422.30	0.017	
423.20	0.017	
424.10	0.017	
424.90	0.017	
425.80	0.017	
426.70	0.018	
427.60	0.018	
428.50	0.018	
429.40	0.018	
430.30	0.018	
431.20	0.018	
432.10	0.018	
433.00	0.018	
433.80	0.018	
434.70	0.018	
435.60	0.018	
436.50	0.018	
437.40	0.018	
438.30	0.018	
439.20	0.018	
440.10	0.018	
441.00	0.018	
441.90	0.018	
442.70	0.018	
443.60	0.018	
444.50	0.018	
445.40	0.018	
446.30	0.018	
447.20	0.018	
448.10	0.019	
449.00	0.019	
449.90	0.018	
450.80	0.018	
451.60	0.018	
452.50	0.018	
453.40	0.018	
454.30	0.018	
455.20	0.018	
456.10	0.018	
457.00	0.018	
457.90	0.018	
458.80	0.018	
459.60	0.018	
460.50	0.018	
461.40	0.018	
462.30	0.018	
463.20	0.018	
464.10	0.018	
465.00	0.018	
465.90	0.018	
466.80	0.018	
467.70	0.018	
468.50	0.018	
469.40	0.018	
470.30	0.018	
471.20	0.018	
472.10	0.018	
473.00	0.018	
473.90	0.018	
474.80	0.018	
475.70	0.018	
476.60	0.018	
477.40	0.018	
478.30	0.018	
479.20	0.018	
480.10	0.018	
481.00	0.019	
481.90	0.019	
482.80	0.019	
483.70	0.019	
484.60	0.019	
485.50	0.019	
486.30	0.019	
487.20	0.019	
488.10	0.019	
489.00	0.019	
489.90	0.019	
490.80	0.019	
491.70	0.019	
492.60	0.020	
493.50	0.020	
494.40	0.020	
495.20	0.020	
496.10	0.021	
497.00	0.021	
497.90	0.021	
498.80	0.022	
499.70	0.022	
500.60	0.022	
501.50	0.023	
502.40	0.023	
503.20	0.023	
504.10	0.024	
505.00	0.024	
505.90	0.025	
506.80	0.025	
507.70	0.026	
508.60	0.026	
509.50	0.027	
510.40	0.028	
511.30	0.029	
512.20	0.029	
513.00	0.030	
513.80	0.031	
514.60	0.032	
515.50	0.033	
516.30	0.034	
517.10	0.035	
517.90	0.037	
518.80	0.038	
519.60	0.039	
520.40	0.040	
521.20	0.041	
522.10	0.042	
522.90	0.043	
523.70	0.043	
524.50	0.044	
525.40	0.045	
526.20	0.045	
527.00	0.045	
527.80	0.045	
528.70	0.045	
529.50	0.045	
530.30	0.045	
531.10	0.044	
532.00	0.044	
532.80	0.043	
533.60	0.043	
534.50	0.042	
535.30	0.041	
536.10	0.040	
536.90	0.040	
537.80	0.039	
538.60	0.038	
539.40	0.037	
540.20	0.037	
541.10	0.036	
541.90	0.035	
542.70	0.035	
543.50	0.034	
544.40	0.033	
545.20	0.033	
546.00	0.033	
546.80	0.032	
547.70	0.032	
548.50	0.031	
549.30	0.030	
550.10	0.030	
551.00	0.030	
551.80	0.029	
552.60	0.029	
553.50	0.029	
554.30	0.028	
555.10	0.028	
555.90	0.028	
556.80	0.028	
557.60	0.027	
558.40	0.027	
559.20	0.027	
560.10	0.027	
560.90	0.026	
561.70	0.026	
562.50	0.025	
563.40	0.025	
564.20	0.025	
565.00	0.025	
565.80	0.025	
566.70	0.024	
567.50	0.024	
568.30	0.024	
569.10	0.024	
570.00	0.024	
570.80	0.023	
571.60	0.023	
572.40	0.023	
573.30	0.022	
574.10	0.022	
574.90	0.022	
575.80	0.022	
576.60	0.021	
577.40	0.021	
578.20	0.021	
579.10	0.021	
579.90	0.021	
580.70	0.021	
581.50	0.021	
582.40	0.021	
583.20	0.020	
584.00	0.020	
584.80	0.020	
585.70	0.020	
586.50	0.020	
587.30	0.020	
588.10	0.020	
588.90	0.020	
589.60	0.019	
590.40	0.019	
591.10	0.019	
591.90	0.019	
592.60	0.019	
593.40	0.019	
594.10	0.019	
594.90	0.019	
595.60	0.019	
596.40	0.019	
597.10	0.019	
597.90	0.019	
598.60	0.019	
599.40	0.019	
600.10	0.018	
600.90	0.018	
601.60	0.018	
602.40	0.018	
603.10	0.018	
603.90	0.019	
604.60	0.019	
605.40	0.019	
606.10	0.020	
606.90	0.020	
607.70	0.020	
608.40	0.020	
609.20	0.020	
609.90	0.020	
610.70	0.021	
611.40	0.021	
612.20	0.021	
612.90	0.021	
613.70	0.021	
614.40	0.020	
615.20	0.020	
615.90	0.020	
616.70	0.019	
617.40	0.019	
618.20	0.019	
618.90	0.019	
619.70	0.019	
620.40	0.019	
621.20	0.020	
621.90	0.020	
622.70	0.020	
623.40	0.020	
624.20	0.020	
624.90	0.020	
625.70	0.021	
626.40	0.022	
627.20	0.023	
627.90	0.024	
628.70	0.025	
629.40	0.026	
630.20	0.026	
630.90	0.026	
631.70	0.026	
632.40	0.026	
633.20	0.025	
633.90	0.024	
634.70	0.023	
635.40	0.022	
636.20	0.021	
636.90	0.020	
637.70	0.019	
638.40	0.019	
639.20	0.018	
639.90	0.018	
640.70	0.018	
641.40	0.018	
642.20	0.018	
642.90	0.018	
643.70	0.018	
644.50	0.019	
645.20	0.019	
646.00	0.019	
646.70	0.019	
647.50	0.019	
648.20	0.018	
649.00	0.018	
649.70	0.018	
650.50	0.018	
651.20	0.017	
652.00	0.017	
652.70	0.017	
653.50	0.017	
654.20	0.017	
655.00	0.017	
655.70	0.017	
656.50	0.017	
657.20	0.017	
658.00	0.017	
658.70	0.017	
659.50	0.017	
660.20	0.017	
661.00	0.017	
661.70	0.016	
662.50	0.017	
663.20	0.017	
664.00	0.017	
664.70	0.016	
665.50	0.016	
666.20	0.016	
667.00	0.016	
667.80	0.016	
668.50	0.016	
669.30	0.016	
670.00	0.016	
670.80	0.016	
671.60	0.016	
672.30	0.016	
673.10	0.016	
673.90	0.016	
674.60	0.016	
675.40	0.016	
676.20	0.016	
676.90	0.016	
677.70	0.016	
678.50	0.016	
679.20	0.016	
680.00	0.016	
680.70	0.016	
681.50	0.016	
682.30	0.016	
683.00	0.016	
683.80	0.016	
684.60	0.016	
685.30	0.016	
686.10	0.016	
686.90	0.016	
687.60	0.016	
688.40	0.016	
689.20	0.016	
689.90	0.016	
690.70	0.016	
691.50	0.016	
692.20	0.016	
693.00	0.016	
693.70	0.016	
694.50	0.016	
695.30	0.016	
696.00	0.016	
696.80	0.016	
697.60	0.016	
698.30	0.016	
699.10	0.016	
699.90	0.016	
700.60	0.016	
701.40	0.016	
702.20	0.016	
702.90	0.016	
703.70	0.016	
704.50	0.016	
705.20	0.016	
706.00	0.016	
706.80	0.016	
707.50	0.016	
708.30	0.016	
709.10	0.016	
709.90	0.016	
710.70	0.016	
711.50	0.016	
712.20	0.016	
713.00	0.016	
713.80	0.016	
714.60	0.016	
715.40	0.016	
716.20	0.016	
716.90	0.016	
717.70	0.016	
718.50	0.016	
719.30	0.016	
720.10	0.016	
720.90	0.016	
721.60	0.016	
722.40	0.016	
723.20	0.016	
724.00	0.016	
724.80	0.016	
725.60	0.016	
726.30	0.016	
727.10	0.016	
727.90	0.016	
728.70	0.016	
729.50	0.016	
730.30	0.016	
731.00	0.016	
731.80	0.016	
732.60	0.016	
733.40	0.016	
734.20	0.016	
735.00	0.016	
735.70	0.016	
736.50	0.016	
737.30	0.016	
738.10	0.015	
738.90	0.015	
739.70	0.015	
740.40	0.015	
741.20	0.015	
742.00	0.015	
742.80	0.015	
743.60	0.015	
744.40	0.016	
745.10	0.016	
745.90	0.016	
746.70	0.016	
747.50	0.016	
748.30	0.016	
749.10	0.016	
749.80	0.016	
750.60	0.016	
751.40	0.016	
752.20	0.016	
753.00	0.016	
753.80	0.016	
754.50	0.016	
755.30	0.016	
756.10	0.016	
756.90	0.016	
757.70	0.016	
758.50	0.016	
759.30	0.016	
760.00	0.016	
760.80	0.016	
761.60	0.016	
762.40	0.016	
763.20	0.016	
764.00	0.016	
764.70	0.016	
765.50	0.016	
766.30	0.015	
767.10	0.015	
767.90	0.015	
768.70	0.015	
769.40	0.015	
770.20	0.015	
771.00	0.015	
771.80	0.015	
772.60	0.015	
773.40	0.015	
774.10	0.015	
774.90	0.015	
775.70	0.015	
776.50	0.015	
777.30	0.015	
778.10	0.015	
778.80	0.015	
779.60	0.016	
780.40	0.016	
781.20	0.016	
782.00	0.016	
782.80	0.016	
783.50	0.016	
784.30	0.015	
785.10	0.015	
785.90	0.015	
786.70	0.015	
787.50	0.015	
788.20	0.015	
789.00	0.015	
789.80	0.015	
790.60	0.015	
791.40	0.015	
792.20	0.016	
792.90	0.015	
793.70	0.015	
794.50	0.015	
795.30	0.016	
796.10	0.016	
796.90	0.016	
797.60	0.016	
798.40	0.016	
799.20	0.016	
800.00	0.016	
800.80	0.016	
801.60	0.016	
802.30	0.016	
803.10	0.016	
803.90	0.016	
804.70	0.016	
805.50	0.016	
806.30	0.015	
807.10	0.016	
807.80	0.016	
808.60	0.016	
809.40	0.016	
810.20	0.016	
811.00	0.016	
811.80	0.016	
812.50	0.016	
813.30	0.016	
814.10	0.016	
814.90	0.016	
815.70	0.016	
816.50	0.016	
817.20	0.016	
818.00	0.016	
818.80	0.016	
819.60	0.016	
820.40	0.016	
821.20	0.016	
821.90	0.016	
822.70	0.016	
823.50	0.016	
824.30	0.016	
825.10	0.016	
825.90	0.016	
826.60	0.016	
827.40	0.016	
828.20	0.016	
829.00	0.016	
829.80	0.016	
830.60	0.016	
831.30	0.016	
832.20	0.016	
833.00	0.016	
833.80	0.016	
834.60	0.016	
835.50	0.016	
836.30	0.016	
837.10	0.016	
838.00	0.016	
838.80	0.016	
839.60	0.016	
840.50	0.015	
841.30	0.015	
842.10	0.016	
842.90	0.015	
843.80	0.016	
844.60	0.016	
845.40	0.016	
846.30	0.016	
847.10	0.015	
847.90	0.015	
848.80	0.015	
849.60	0.015	
850.40	0.015	
851.30	0.015	
852.10	0.015	
852.90	0.015	
853.70	0.015	
854.60	0.015	
855.40	0.015	
856.20	0.015	
857.10	0.015	
857.90	0.015	
858.70	0.015	
859.60	0.016	
860.40	0.016	
861.20	0.016	
862.10	0.016	
862.90	0.016	
863.70	0.016	
864.50	0.016	
865.40	0.016	
866.20	0.016	
867.00	0.016	
867.90	0.016	
868.70	0.016	
869.50	0.016	
870.40	0.016	
871.20	0.015	
872.00	0.015	
872.80	0.015	
873.70	0.015	
874.50	0.015	
875.30	0.015	
876.20	0.015	
877.00	0.015	
877.80	0.015	
878.70	0.015	
879.50	0.015	
880.30	0.015	
881.20	0.015	
882.00	0.015	
882.80	0.015	
883.60	0.015	
884.50	0.016	
885.30	0.016	
886.10	0.016	
887.00	0.015	
887.80	0.015	
888.60	0.016	
889.50	0.016	
890.30	0.015	
891.10	0.015	
892.00	0.015	
892.80	0.015	
893.60	0.015	
894.40	0.015	
895.30	0.015	
896.10	0.015	
896.90	0.016	
897.80	0.016	
898.60	0.016	
899.40	0.016	