380.50	0.016	
381.30	0.016	
382.20	0.016	
383.10	0.016	
384.00	0.016	
384.90	0.016	
385.80	0.016	
386.70	0.016	
387.60	0.016	
388.50	0.016	
389.40	0.016	
390.20	0.016	
391.10	0.017	
392.00	0.016	
392.90	0.016	
393.80	0.016	
394.70	0.016	
395.60	0.016	
396.50	0.016	
397.40	0.016	
398.30	0.016	
399.10	0.017	
400.00	0.017	
400.90	0.017	
401.80	0.016	
402.70	0.017	
403.60	0.017	
404.50	0.017	
405.40	0.017	
406.30	0.017	
407.20	0.017	
408.00	0.017	
408.90	0.017	
409.80	0.017	
410.70	0.017	
411.60	0.017	
412.50	0.017	
413.40	0.017	
414.30	0.017	
415.20	0.017	
416.00	0.018	
416.90	0.018	
417.80	0.018	
418.70	0.018	
419.60	0.018	
420.50	0.018	
421.40	0.018	
422.30	0.018	
423.20	0.018	
424.10	0.019	
424.90	0.018	
425.80	0.019	
426.70	0.019	
427.60	0.019	
428.50	0.019	
429.40	0.019	
430.30	0.019	
431.20	0.019	
432.10	0.019	
433.00	0.019	
433.80	0.019	
434.70	0.019	
435.60	0.019	
436.50	0.019	
437.40	0.019	
438.30	0.019	
439.20	0.019	
440.10	0.019	
441.00	0.019	
441.90	0.019	
442.70	0.019	
443.60	0.019	
444.50	0.019	
445.40	0.020	
446.30	0.020	
447.20	0.020	
448.10	0.020	
449.00	0.020	
449.90	0.020	
450.80	0.020	
451.60	0.019	
452.50	0.019	
453.40	0.019	
454.30	0.019	
455.20	0.019	
456.10	0.019	
457.00	0.019	
457.90	0.019	
458.80	0.019	
459.60	0.019	
460.50	0.019	
461.40	0.019	
462.30	0.018	
463.20	0.018	
464.10	0.018	
465.00	0.018	
465.90	0.018	
466.80	0.018	
467.70	0.018	
468.50	0.018	
469.40	0.018	
470.30	0.018	
471.20	0.018	
472.10	0.018	
473.00	0.018	
473.90	0.018	
474.80	0.019	
475.70	0.019	
476.60	0.019	
477.40	0.019	
478.30	0.019	
479.20	0.019	
480.10	0.019	
481.00	0.019	
481.90	0.019	
482.80	0.019	
483.70	0.019	
484.60	0.020	
485.50	0.020	
486.30	0.020	
487.20	0.020	
488.10	0.020	
489.00	0.021	
489.90	0.020	
490.80	0.020	
491.70	0.020	
492.60	0.020	
493.50	0.020	
494.40	0.021	
495.20	0.021	
496.10	0.021	
497.00	0.022	
497.90	0.022	
498.80	0.022	
499.70	0.023	
500.60	0.023	
501.50	0.024	
502.40	0.024	
503.20	0.024	
504.10	0.025	
505.00	0.025	
505.90	0.026	
506.80	0.026	
507.70	0.027	
508.60	0.028	
509.50	0.029	
510.40	0.030	
511.30	0.031	
512.20	0.032	
513.00	0.033	
513.80	0.035	
514.60	0.036	
515.50	0.037	
516.30	0.039	
517.10	0.040	
517.90	0.041	
518.80	0.043	
519.60	0.044	
520.40	0.045	
521.20	0.047	
522.10	0.048	
522.90	0.049	
523.70	0.050	
524.50	0.051	
525.40	0.052	
526.20	0.052	
527.00	0.053	
527.80	0.053	
528.70	0.053	
529.50	0.053	
530.30	0.052	
531.10	0.051	
532.00	0.050	
532.80	0.050	
533.60	0.049	
534.50	0.048	
535.30	0.047	
536.10	0.046	
536.90	0.045	
537.80	0.044	
538.60	0.043	
539.40	0.043	
540.20	0.042	
541.10	0.041	
541.90	0.040	
542.70	0.040	
543.50	0.039	
544.40	0.038	
545.20	0.038	
546.00	0.037	
546.80	0.036	
547.70	0.035	
548.50	0.035	
549.30	0.034	
550.10	0.033	
551.00	0.033	
551.80	0.032	
552.60	0.032	
553.50	0.031	
554.30	0.030	
555.10	0.030	
555.90	0.030	
556.80	0.029	
557.60	0.029	
558.40	0.029	
559.20	0.029	
560.10	0.028	
560.90	0.028	
561.70	0.027	
562.50	0.027	
563.40	0.027	
564.20	0.027	
565.00	0.026	
565.80	0.026	
566.70	0.026	
567.50	0.026	
568.30	0.025	
569.10	0.025	
570.00	0.025	
570.80	0.024	
571.60	0.024	
572.40	0.024	
573.30	0.023	
574.10	0.023	
574.90	0.023	
575.80	0.023	
576.60	0.022	
577.40	0.022	
578.20	0.022	
579.10	0.021	
579.90	0.021	
580.70	0.021	
581.50	0.021	
582.40	0.021	
583.20	0.021	
584.00	0.021	
584.80	0.021	
585.70	0.020	
586.50	0.020	
587.30	0.020	
588.10	0.020	
588.90	0.020	
589.60	0.019	
590.40	0.019	
591.10	0.019	
591.90	0.019	
592.60	0.019	
593.40	0.019	
594.10	0.019	
594.90	0.019	
595.60	0.019	
596.40	0.019	
597.10	0.019	
597.90	0.019	
598.60	0.019	
599.40	0.019	
600.10	0.019	
600.90	0.019	
601.60	0.019	
602.40	0.019	
603.10	0.019	
603.90	0.019	
604.60	0.019	
605.40	0.019	
606.10	0.019	
606.90	0.019	
607.70	0.019	
608.40	0.020	
609.20	0.020	
609.90	0.020	
610.70	0.020	
611.40	0.020	
612.20	0.020	
612.90	0.020	
613.70	0.020	
614.40	0.020	
615.20	0.019	
615.90	0.019	
616.70	0.019	
617.40	0.019	
618.20	0.019	
618.90	0.019	
619.70	0.019	
620.40	0.019	
621.20	0.019	
621.90	0.019	
622.70	0.019	
623.40	0.019	
624.20	0.019	
624.90	0.020	
625.70	0.021	
626.40	0.022	
627.20	0.022	
627.90	0.023	
628.70	0.024	
629.40	0.024	
630.20	0.024	
630.90	0.024	
631.70	0.024	
632.40	0.023	
633.20	0.023	
633.90	0.022	
634.70	0.021	
635.40	0.021	
636.20	0.020	
636.90	0.019	
637.70	0.019	
638.40	0.018	
639.20	0.018	
639.90	0.018	
640.70	0.018	
641.40	0.018	
642.20	0.018	
642.90	0.018	
643.70	0.018	
644.50	0.019	
645.20	0.019	
646.00	0.019	
646.70	0.019	
647.50	0.018	
648.20	0.018	
649.00	0.018	
649.70	0.018	
650.50	0.017	
651.20	0.017	
652.00	0.017	
652.70	0.017	
653.50	0.017	
654.20	0.017	
655.00	0.017	
655.70	0.017	
656.50	0.017	
657.20	0.017	
658.00	0.017	
658.70	0.016	
659.50	0.016	
660.20	0.016	
661.00	0.016	
661.70	0.016	
662.50	0.016	
663.20	0.016	
664.00	0.016	
664.70	0.016	
665.50	0.016	
666.20	0.016	
667.00	0.016	
667.80	0.016	
668.50	0.016	
669.30	0.016	
670.00	0.016	
670.80	0.016	
671.60	0.016	
672.30	0.016	
673.10	0.016	
673.90	0.016	
674.60	0.016	
675.40	0.016	
676.20	0.016	
676.90	0.016	
677.70	0.016	
678.50	0.016	
679.20	0.016	
680.00	0.016	
680.70	0.016	
681.50	0.016	
682.30	0.016	
683.00	0.016	
683.80	0.016	
684.60	0.016	
685.30	0.016	
686.10	0.016	
686.90	0.016	
687.60	0.016	
688.40	0.016	
689.20	0.016	
689.90	0.016	
690.70	0.016	
691.50	0.016	
692.20	0.016	
693.00	0.016	
693.70	0.016	
694.50	0.016	
695.30	0.016	
696.00	0.016	
696.80	0.016	
697.60	0.016	
698.30	0.016	
699.10	0.016	
699.90	0.016	
700.60	0.016	
701.40	0.016	
702.20	0.016	
702.90	0.016	
703.70	0.016	
704.50	0.016	
705.20	0.016	
706.00	0.016	
706.80	0.016	
707.50	0.016	
708.30	0.016	
709.10	0.016	
709.90	0.016	
710.70	0.016	
711.50	0.016	
712.20	0.016	
713.00	0.016	
713.80	0.016	
714.60	0.016	
715.40	0.016	
716.20	0.016	
716.90	0.016	
717.70	0.016	
718.50	0.016	
719.30	0.016	
720.10	0.016	
720.90	0.016	
721.60	0.016	
722.40	0.016	
723.20	0.016	
724.00	0.016	
724.80	0.016	
725.60	0.016	
726.30	0.016	
727.10	0.016	
727.90	0.016	
728.70	0.016	
729.50	0.016	
730.30	0.016	
731.00	0.016	
731.80	0.016	
732.60	0.016	
733.40	0.016	
734.20	0.016	
735.00	0.016	
735.70	0.016	
736.50	0.016	
737.30	0.016	
738.10	0.016	
738.90	0.016	
739.70	0.016	
740.40	0.016	
741.20	0.016	
742.00	0.016	
742.80	0.016	
743.60	0.016	
744.40	0.015	
745.10	0.015	
745.90	0.015	
746.70	0.015	
747.50	0.015	
748.30	0.015	
749.10	0.015	
749.80	0.015	
750.60	0.015	
751.40	0.016	
752.20	0.016	
753.00	0.016	
753.80	0.016	
754.50	0.016	
755.30	0.016	
756.10	0.016	
756.90	0.016	
757.70	0.016	
758.50	0.016	
759.30	0.016	
760.00	0.016	
760.80	0.016	
761.60	0.016	
762.40	0.016	
763.20	0.016	
764.00	0.016	
764.70	0.016	
765.50	0.016	
766.30	0.016	
767.10	0.016	
767.90	0.016	
768.70	0.016	
769.40	0.016	
770.20	0.016	
771.00	0.016	
771.80	0.016	
772.60	0.016	
773.40	0.016	
774.10	0.016	
774.90	0.016	
775.70	0.016	
776.50	0.016	
777.30	0.016	
778.10	0.016	
778.80	0.015	
779.60	0.015	
780.40	0.015	
781.20	0.016	
782.00	0.016	
782.80	0.015	
783.50	0.016	
784.30	0.016	
785.10	0.015	
785.90	0.015	
786.70	0.015	
787.50	0.015	
788.20	0.015	
789.00	0.015	
789.80	0.015	
790.60	0.015	
791.40	0.015	
792.20	0.015	
792.90	0.016	
793.70	0.016	
794.50	0.015	
795.30	0.016	
796.10	0.016	
796.90	0.016	
797.60	0.016	
798.40	0.015	
799.20	0.016	
800.00	0.016	
800.80	0.016	
801.60	0.016	
802.30	0.016	
803.10	0.016	
803.90	0.016	
804.70	0.016	
805.50	0.016	
806.30	0.016	
807.10	0.016	
807.80	0.016	
808.60	0.016	
809.40	0.016	
810.20	0.015	
811.00	0.015	
811.80	0.015	
812.50	0.015	
813.30	0.015	
814.10	0.015	
814.90	0.015	
815.70	0.015	
816.50	0.016	
817.20	0.016	
818.00	0.016	
818.80	0.016	
819.60	0.015	
820.40	0.016	
821.20	0.016	
821.90	0.015	
822.70	0.016	
823.50	0.016	
824.30	0.016	
825.10	0.016	
825.90	0.016	
826.60	0.016	
827.40	0.016	
828.20	0.016	
829.00	0.016	
829.80	0.016	
830.60	0.016	
831.30	0.016	
832.20	0.016	
833.00	0.016	
833.80	0.016	
834.60	0.016	
835.50	0.016	
836.30	0.016	
837.10	0.016	
838.00	0.016	
838.80	0.016	
839.60	0.016	
840.50	0.015	
841.30	0.015	
842.10	0.015	
842.90	0.015	
843.80	0.016	
844.60	0.016	
845.40	0.016	
846.30	0.016	
847.10	0.015	
847.90	0.015	
848.80	0.015	
849.60	0.015	
850.40	0.015	
851.30	0.015	
852.10	0.015	
852.90	0.015	
853.70	0.015	
854.60	0.015	
855.40	0.016	
856.20	0.015	
857.10	0.015	
857.90	0.015	
858.70	0.015	
859.60	0.016	
860.40	0.016	
861.20	0.016	
862.10	0.015	
862.90	0.015	
863.70	0.015	
864.50	0.015	
865.40	0.016	
866.20	0.016	
867.00	0.016	
867.90	0.016	
868.70	0.016	
869.50	0.016	
870.40	0.016	
871.20	0.016	
872.00	0.016	
872.80	0.016	
873.70	0.016	
874.50	0.015	
875.30	0.016	
876.20	0.016	
877.00	0.016	
877.80	0.015	
878.70	0.016	
879.50	0.015	
880.30	0.015	
881.20	0.015	
882.00	0.015	
882.80	0.015	
883.60	0.015	
884.50	0.015	
885.30	0.015	
886.10	0.016	
887.00	0.016	
887.80	0.016	
888.60	0.015	
889.50	0.015	
890.30	0.016	
891.10	0.016	
892.00	0.016	
892.80	0.016	
893.60	0.015	
894.40	0.015	
895.30	0.016	
896.10	0.015	
896.90	0.015	
897.80	0.016	
898.60	0.016	
899.40	0.016