380.50	0.016	
381.30	0.016	
382.20	0.016	
383.10	0.016	
384.00	0.016	
384.90	0.016	
385.80	0.016	
386.70	0.016	
387.60	0.016	
388.50	0.016	
389.40	0.016	
390.20	0.015	
391.10	0.016	
392.00	0.016	
392.90	0.016	
393.80	0.016	
394.70	0.016	
395.60	0.015	
396.50	0.016	
397.40	0.016	
398.30	0.016	
399.10	0.016	
400.00	0.016	
400.90	0.016	
401.80	0.016	
402.70	0.016	
403.60	0.016	
404.50	0.016	
405.40	0.016	
406.30	0.016	
407.20	0.016	
408.00	0.016	
408.90	0.016	
409.80	0.016	
410.70	0.016	
411.60	0.017	
412.50	0.017	
413.40	0.017	
414.30	0.017	
415.20	0.017	
416.00	0.017	
416.90	0.017	
417.80	0.017	
418.70	0.017	
419.60	0.017	
420.50	0.017	
421.40	0.016	
422.30	0.016	
423.20	0.016	
424.10	0.016	
424.90	0.016	
425.80	0.016	
426.70	0.016	
427.60	0.017	
428.50	0.017	
429.40	0.017	
430.30	0.017	
431.20	0.017	
432.10	0.017	
433.00	0.017	
433.80	0.017	
434.70	0.017	
435.60	0.017	
436.50	0.017	
437.40	0.017	
438.30	0.017	
439.20	0.017	
440.10	0.017	
441.00	0.017	
441.90	0.017	
442.70	0.017	
443.60	0.017	
444.50	0.017	
445.40	0.017	
446.30	0.017	
447.20	0.017	
448.10	0.018	
449.00	0.017	
449.90	0.017	
450.80	0.017	
451.60	0.017	
452.50	0.017	
453.40	0.017	
454.30	0.017	
455.20	0.017	
456.10	0.017	
457.00	0.017	
457.90	0.017	
458.80	0.017	
459.60	0.017	
460.50	0.017	
461.40	0.018	
462.30	0.018	
463.20	0.018	
464.10	0.018	
465.00	0.018	
465.90	0.018	
466.80	0.018	
467.70	0.018	
468.50	0.018	
469.40	0.018	
470.30	0.018	
471.20	0.018	
472.10	0.018	
473.00	0.018	
473.90	0.018	
474.80	0.018	
475.70	0.018	
476.60	0.018	
477.40	0.018	
478.30	0.018	
479.20	0.018	
480.10	0.018	
481.00	0.018	
481.90	0.018	
482.80	0.018	
483.70	0.018	
484.60	0.019	
485.50	0.018	
486.30	0.018	
487.20	0.018	
488.10	0.018	
489.00	0.018	
489.90	0.018	
490.80	0.018	
491.70	0.018	
492.60	0.018	
493.50	0.018	
494.40	0.018	
495.20	0.018	
496.10	0.019	
497.00	0.019	
497.90	0.019	
498.80	0.019	
499.70	0.019	
500.60	0.019	
501.50	0.019	
502.40	0.019	
503.20	0.019	
504.10	0.019	
505.00	0.019	
505.90	0.019	
506.80	0.020	
507.70	0.020	
508.60	0.020	
509.50	0.020	
510.40	0.020	
511.30	0.020	
512.20	0.020	
513.00	0.020	
513.80	0.020	
514.60	0.021	
515.50	0.021	
516.30	0.021	
517.10	0.021	
517.90	0.021	
518.80	0.021	
519.60	0.021	
520.40	0.022	
521.20	0.022	
522.10	0.022	
522.90	0.022	
523.70	0.022	
524.50	0.022	
525.40	0.022	
526.20	0.022	
527.00	0.022	
527.80	0.022	
528.70	0.022	
529.50	0.022	
530.30	0.023	
531.10	0.023	
532.00	0.023	
532.80	0.022	
533.60	0.022	
534.50	0.022	
535.30	0.022	
536.10	0.022	
536.90	0.022	
537.80	0.022	
538.60	0.022	
539.40	0.022	
540.20	0.022	
541.10	0.023	
541.90	0.023	
542.70	0.022	
543.50	0.022	
544.40	0.022	
545.20	0.022	
546.00	0.022	
546.80	0.022	
547.70	0.022	
548.50	0.022	
549.30	0.022	
550.10	0.022	
551.00	0.022	
551.80	0.022	
552.60	0.022	
553.50	0.022	
554.30	0.022	
555.10	0.022	
555.90	0.022	
556.80	0.022	
557.60	0.022	
558.40	0.022	
559.20	0.022	
560.10	0.022	
560.90	0.022	
561.70	0.022	
562.50	0.022	
563.40	0.022	
564.20	0.022	
565.00	0.022	
565.80	0.022	
566.70	0.023	
567.50	0.023	
568.30	0.023	
569.10	0.023	
570.00	0.022	
570.80	0.022	
571.60	0.022	
572.40	0.022	
573.30	0.022	
574.10	0.022	
574.90	0.022	
575.80	0.021	
576.60	0.021	
577.40	0.021	
578.20	0.021	
579.10	0.021	
579.90	0.021	
580.70	0.021	
581.50	0.021	
582.40	0.021	
583.20	0.021	
584.00	0.020	
584.80	0.020	
585.70	0.020	
586.50	0.020	
587.30	0.020	
588.10	0.020	
588.90	0.020	
589.60	0.020	
590.40	0.019	
591.10	0.019	
591.90	0.019	
592.60	0.019	
593.40	0.019	
594.10	0.019	
594.90	0.019	
595.60	0.019	
596.40	0.019	
597.10	0.018	
597.90	0.018	
598.60	0.018	
599.40	0.018	
600.10	0.018	
600.90	0.017	
601.60	0.017	
602.40	0.017	
603.10	0.017	
603.90	0.017	
604.60	0.017	
605.40	0.018	
606.10	0.018	
606.90	0.018	
607.70	0.017	
608.40	0.017	
609.20	0.017	
609.90	0.017	
610.70	0.016	
611.40	0.016	
612.20	0.017	
612.90	0.016	
613.70	0.016	
614.40	0.017	
615.20	0.017	
615.90	0.017	
616.70	0.017	
617.40	0.017	
618.20	0.017	
618.90	0.017	
619.70	0.017	
620.40	0.017	
621.20	0.017	
621.90	0.016	
622.70	0.016	
623.40	0.016	
624.20	0.016	
624.90	0.016	
625.70	0.016	
626.40	0.016	
627.20	0.016	
627.90	0.016	
628.70	0.016	
629.40	0.015	
630.20	0.015	
630.90	0.015	
631.70	0.016	
632.40	0.016	
633.20	0.015	
633.90	0.016	
634.70	0.016	
635.40	0.016	
636.20	0.016	
636.90	0.016	
637.70	0.016	
638.40	0.016	
639.20	0.016	
639.90	0.016	
640.70	0.016	
641.40	0.016	
642.20	0.016	
642.90	0.016	
643.70	0.016	
644.50	0.016	
645.20	0.016	
646.00	0.016	
646.70	0.016	
647.50	0.016	
648.20	0.016	
649.00	0.015	
649.70	0.015	
650.50	0.015	
651.20	0.015	
652.00	0.015	
652.70	0.015	
653.50	0.015	
654.20	0.015	
655.00	0.016	
655.70	0.016	
656.50	0.016	
657.20	0.016	
658.00	0.016	
658.70	0.016	
659.50	0.016	
660.20	0.016	
661.00	0.016	
661.70	0.016	
662.50	0.016	
663.20	0.016	
664.00	0.016	
664.70	0.016	
665.50	0.016	
666.20	0.016	
667.00	0.015	
667.80	0.015	
668.50	0.015	
669.30	0.015	
670.00	0.015	
670.80	0.015	
671.60	0.016	
672.30	0.016	
673.10	0.016	
673.90	0.016	
674.60	0.016	
675.40	0.016	
676.20	0.016	
676.90	0.016	
677.70	0.016	
678.50	0.016	
679.20	0.016	
680.00	0.016	
680.70	0.016	
681.50	0.016	
682.30	0.016	
683.00	0.016	
683.80	0.016	
684.60	0.016	
685.30	0.016	
686.10	0.016	
686.90	0.016	
687.60	0.016	
688.40	0.016	
689.20	0.016	
689.90	0.016	
690.70	0.016	
691.50	0.016	
692.20	0.016	
693.00	0.015	
693.70	0.015	
694.50	0.016	
695.30	0.015	
696.00	0.015	
696.80	0.015	
697.60	0.015	
698.30	0.016	
699.10	0.016	
699.90	0.016	
700.60	0.016	
701.40	0.016	
702.20	0.016	
702.90	0.016	
703.70	0.016	
704.50	0.016	
705.20	0.016	
706.00	0.016	
706.80	0.016	
707.50	0.016	
708.30	0.016	
709.10	0.016	
709.90	0.016	
710.70	0.016	
711.50	0.016	
712.20	0.016	
713.00	0.016	
713.80	0.016	
714.60	0.016	
715.40	0.016	
716.20	0.016	
716.90	0.016	
717.70	0.016	
718.50	0.016	
719.30	0.016	
720.10	0.016	
720.90	0.015	
721.60	0.015	
722.40	0.015	
723.20	0.015	
724.00	0.016	
724.80	0.015	
725.60	0.016	
726.30	0.015	
727.10	0.016	
727.90	0.016	
728.70	0.016	
729.50	0.016	
730.30	0.016	
731.00	0.016	
731.80	0.016	
732.60	0.016	
733.40	0.016	
734.20	0.015	
735.00	0.016	
735.70	0.016	
736.50	0.016	
737.30	0.016	
738.10	0.016	
738.90	0.016	
739.70	0.015	
740.40	0.015	
741.20	0.015	
742.00	0.015	
742.80	0.015	
743.60	0.015	
744.40	0.015	
745.10	0.015	
745.90	0.016	
746.70	0.015	
747.50	0.015	
748.30	0.015	
749.10	0.015	
749.80	0.015	
750.60	0.015	
751.40	0.015	
752.20	0.015	
753.00	0.015	
753.80	0.015	
754.50	0.015	
755.30	0.016	
756.10	0.016	
756.90	0.016	
757.70	0.016	
758.50	0.016	
759.30	0.016	
760.00	0.016	
760.80	0.016	
761.60	0.016	
762.40	0.016	
763.20	0.016	
764.00	0.016	
764.70	0.016	
765.50	0.015	
766.30	0.016	
767.10	0.016	
767.90	0.015	
768.70	0.016	
769.40	0.016	
770.20	0.016	
771.00	0.016	
771.80	0.016	
772.60	0.016	
773.40	0.016	
774.10	0.016	
774.90	0.016	
775.70	0.016	
776.50	0.016	
777.30	0.016	
778.10	0.016	
778.80	0.016	
779.60	0.016	
780.40	0.016	
781.20	0.016	
782.00	0.015	
782.80	0.015	
783.50	0.015	
784.30	0.015	
785.10	0.015	
785.90	0.015	
786.70	0.015	
787.50	0.015	
788.20	0.015	
789.00	0.015	
789.80	0.016	
790.60	0.016	
791.40	0.016	
792.20	0.016	
792.90	0.016	
793.70	0.016	
794.50	0.016	
795.30	0.016	
796.10	0.016	
796.90	0.016	
797.60	0.016	
798.40	0.016	
799.20	0.016	
800.00	0.016	
800.80	0.015	
801.60	0.015	
802.30	0.016	
803.10	0.016	
803.90	0.016	
804.70	0.016	
805.50	0.016	
806.30	0.016	
807.10	0.016	
807.80	0.016	
808.60	0.016	
809.40	0.015	
810.20	0.015	
811.00	0.015	
811.80	0.015	
812.50	0.015	
813.30	0.016	
814.10	0.016	
814.90	0.016	
815.70	0.016	
816.50	0.016	
817.20	0.016	
818.00	0.016	
818.80	0.015	
819.60	0.015	
820.40	0.015	
821.20	0.016	
821.90	0.016	
822.70	0.016	
823.50	0.016	
824.30	0.016	
825.10	0.016	
825.90	0.016	
826.60	0.016	
827.40	0.016	
828.20	0.016	
829.00	0.015	
829.80	0.015	
830.60	0.015	
831.30	0.015	
832.20	0.015	
833.00	0.015	
833.80	0.015	
834.60	0.016	
835.50	0.016	
836.30	0.016	
837.10	0.016	
838.00	0.016	
838.80	0.016	
839.60	0.016	
840.50	0.016	
841.30	0.016	
842.10	0.016	
842.90	0.016	
843.80	0.016	
844.60	0.016	
845.40	0.016	
846.30	0.016	
847.10	0.016	
847.90	0.016	
848.80	0.015	
849.60	0.015	
850.40	0.015	
851.30	0.015	
852.10	0.015	
852.90	0.015	
853.70	0.015	
854.60	0.015	
855.40	0.015	
856.20	0.015	
857.10	0.016	
857.90	0.015	
858.70	0.016	
859.60	0.016	
860.40	0.016	
861.20	0.016	
862.10	0.016	
862.90	0.016	
863.70	0.016	
864.50	0.016	
865.40	0.016	
866.20	0.016	
867.00	0.016	
867.90	0.016	
868.70	0.016	
869.50	0.016	
870.40	0.016	
871.20	0.016	
872.00	0.016	
872.80	0.015	
873.70	0.015	
874.50	0.015	
875.30	0.015	
876.20	0.015	
877.00	0.015	
877.80	0.015	
878.70	0.015	
879.50	0.015	
880.30	0.015	
881.20	0.015	
882.00	0.015	
882.80	0.015	
883.60	0.015	
884.50	0.015	
885.30	0.016	
886.10	0.016	
887.00	0.016	
887.80	0.016	
888.60	0.016	
889.50	0.016	
890.30	0.016	
891.10	0.015	
892.00	0.015	
892.80	0.015	
893.60	0.015	
894.40	0.015	
895.30	0.015	
896.10	0.015	
896.90	0.015	
897.80	0.016	
898.60	0.016	
899.40	0.016