380.50	0.016	
381.30	0.016	
382.20	0.016	
383.10	0.016	
384.00	0.016	
384.90	0.016	
385.80	0.016	
386.70	0.016	
387.60	0.016	
388.50	0.016	
389.40	0.016	
390.20	0.016	
391.10	0.016	
392.00	0.016	
392.90	0.016	
393.80	0.017	
394.70	0.017	
395.60	0.017	
396.50	0.017	
397.40	0.017	
398.30	0.017	
399.10	0.017	
400.00	0.017	
400.90	0.017	
401.80	0.017	
402.70	0.018	
403.60	0.018	
404.50	0.018	
405.40	0.018	
406.30	0.018	
407.20	0.018	
408.00	0.019	
408.90	0.019	
409.80	0.019	
410.70	0.019	
411.60	0.019	
412.50	0.019	
413.40	0.020	
414.30	0.020	
415.20	0.020	
416.00	0.021	
416.90	0.021	
417.80	0.021	
418.70	0.022	
419.60	0.022	
420.50	0.023	
421.40	0.023	
422.30	0.024	
423.20	0.024	
424.10	0.025	
424.90	0.025	
425.80	0.025	
426.70	0.026	
427.60	0.026	
428.50	0.026	
429.40	0.027	
430.30	0.027	
431.20	0.027	
432.10	0.028	
433.00	0.028	
433.80	0.028	
434.70	0.029	
435.60	0.030	
436.50	0.030	
437.40	0.030	
438.30	0.031	
439.20	0.031	
440.10	0.031	
441.00	0.032	
441.90	0.032	
442.70	0.032	
443.60	0.033	
444.50	0.033	
445.40	0.033	
446.30	0.033	
447.20	0.033	
448.10	0.032	
449.00	0.032	
449.90	0.031	
450.80	0.031	
451.60	0.030	
452.50	0.029	
453.40	0.028	
454.30	0.027	
455.20	0.026	
456.10	0.025	
457.00	0.025	
457.90	0.024	
458.80	0.024	
459.60	0.024	
460.50	0.023	
461.40	0.023	
462.30	0.023	
463.20	0.022	
464.10	0.022	
465.00	0.022	
465.90	0.021	
466.80	0.021	
467.70	0.021	
468.50	0.020	
469.40	0.020	
470.30	0.020	
471.20	0.020	
472.10	0.020	
473.00	0.019	
473.90	0.019	
474.80	0.019	
475.70	0.019	
476.60	0.019	
477.40	0.019	
478.30	0.019	
479.20	0.019	
480.10	0.019	
481.00	0.019	
481.90	0.019	
482.80	0.019	
483.70	0.018	
484.60	0.018	
485.50	0.018	
486.30	0.018	
487.20	0.018	
488.10	0.018	
489.00	0.018	
489.90	0.018	
490.80	0.018	
491.70	0.018	
492.60	0.018	
493.50	0.018	
494.40	0.018	
495.20	0.018	
496.10	0.018	
497.00	0.018	
497.90	0.018	
498.80	0.018	
499.70	0.018	
500.60	0.018	
501.50	0.018	
502.40	0.018	
503.20	0.019	
504.10	0.019	
505.00	0.019	
505.90	0.019	
506.80	0.019	
507.70	0.019	
508.60	0.019	
509.50	0.019	
510.40	0.019	
511.30	0.019	
512.20	0.019	
513.00	0.019	
513.80	0.020	
514.60	0.019	
515.50	0.019	
516.30	0.019	
517.10	0.019	
517.90	0.019	
518.80	0.019	
519.60	0.019	
520.40	0.019	
521.20	0.019	
522.10	0.019	
522.90	0.019	
523.70	0.018	
524.50	0.018	
525.40	0.018	
526.20	0.018	
527.00	0.018	
527.80	0.018	
528.70	0.018	
529.50	0.018	
530.30	0.018	
531.10	0.018	
532.00	0.018	
532.80	0.018	
533.60	0.017	
534.50	0.017	
535.30	0.017	
536.10	0.017	
536.90	0.017	
537.80	0.017	
538.60	0.017	
539.40	0.017	
540.20	0.017	
541.10	0.017	
541.90	0.016	
542.70	0.016	
543.50	0.017	
544.40	0.017	
545.20	0.016	
546.00	0.016	
546.80	0.016	
547.70	0.016	
548.50	0.016	
549.30	0.016	
550.10	0.016	
551.00	0.016	
551.80	0.016	
552.60	0.016	
553.50	0.016	
554.30	0.016	
555.10	0.016	
555.90	0.016	
556.80	0.016	
557.60	0.016	
558.40	0.016	
559.20	0.016	
560.10	0.016	
560.90	0.016	
561.70	0.016	
562.50	0.016	
563.40	0.016	
564.20	0.016	
565.00	0.016	
565.80	0.016	
566.70	0.016	
567.50	0.016	
568.30	0.016	
569.10	0.015	
570.00	0.016	
570.80	0.016	
571.60	0.016	
572.40	0.016	
573.30	0.016	
574.10	0.016	
574.90	0.016	
575.80	0.016	
576.60	0.016	
577.40	0.016	
578.20	0.016	
579.10	0.016	
579.90	0.016	
580.70	0.016	
581.50	0.016	
582.40	0.016	
583.20	0.016	
584.00	0.016	
584.80	0.016	
585.70	0.016	
586.50	0.016	
587.30	0.015	
588.10	0.016	
588.90	0.016	
589.60	0.016	
590.40	0.016	
591.10	0.016	
591.90	0.016	
592.60	0.016	
593.40	0.016	
594.10	0.016	
594.90	0.016	
595.60	0.016	
596.40	0.016	
597.10	0.016	
597.90	0.016	
598.60	0.016	
599.40	0.016	
600.10	0.015	
600.90	0.016	
601.60	0.016	
602.40	0.016	
603.10	0.016	
603.90	0.016	
604.60	0.015	
605.40	0.015	
606.10	0.015	
606.90	0.015	
607.70	0.016	
608.40	0.015	
609.20	0.015	
609.90	0.016	
610.70	0.016	
611.40	0.015	
612.20	0.015	
612.90	0.015	
613.70	0.016	
614.40	0.016	
615.20	0.016	
615.90	0.016	
616.70	0.016	
617.40	0.016	
618.20	0.016	
618.90	0.016	
619.70	0.016	
620.40	0.015	
621.20	0.015	
621.90	0.016	
622.70	0.016	
623.40	0.016	
624.20	0.016	
624.90	0.016	
625.70	0.016	
626.40	0.016	
627.20	0.016	
627.90	0.016	
628.70	0.016	
629.40	0.016	
630.20	0.016	
630.90	0.016	
631.70	0.016	
632.40	0.016	
633.20	0.016	
633.90	0.016	
634.70	0.016	
635.40	0.016	
636.20	0.015	
636.90	0.015	
637.70	0.015	
638.40	0.015	
639.20	0.015	
639.90	0.015	
640.70	0.015	
641.40	0.015	
642.20	0.015	
642.90	0.015	
643.70	0.015	
644.50	0.015	
645.20	0.015	
646.00	0.015	
646.70	0.015	
647.50	0.015	
648.20	0.015	
649.00	0.015	
649.70	0.015	
650.50	0.015	
651.20	0.015	
652.00	0.015	
652.70	0.015	
653.50	0.015	
654.20	0.015	
655.00	0.015	
655.70	0.015	
656.50	0.015	
657.20	0.015	
658.00	0.015	
658.70	0.015	
659.50	0.015	
660.20	0.015	
661.00	0.015	
661.70	0.015	
662.50	0.016	
663.20	0.016	
664.00	0.016	
664.70	0.015	
665.50	0.016	
666.20	0.015	
667.00	0.015	
667.80	0.015	
668.50	0.015	
669.30	0.015	
670.00	0.015	
670.80	0.015	
671.60	0.015	
672.30	0.015	
673.10	0.016	
673.90	0.016	
674.60	0.016	
675.40	0.016	
676.20	0.016	
676.90	0.016	
677.70	0.016	
678.50	0.016	
679.20	0.015	
680.00	0.015	
680.70	0.015	
681.50	0.015	
682.30	0.015	
683.00	0.015	
683.80	0.015	
684.60	0.015	
685.30	0.015	
686.10	0.015	
686.90	0.015	
687.60	0.015	
688.40	0.015	
689.20	0.015	
689.90	0.015	
690.70	0.016	
691.50	0.016	
692.20	0.016	
693.00	0.016	
693.70	0.016	
694.50	0.016	
695.30	0.016	
696.00	0.015	
696.80	0.015	
697.60	0.015	
698.30	0.015	
699.10	0.015	
699.90	0.015	
700.60	0.015	
701.40	0.015	
702.20	0.015	
702.90	0.015	
703.70	0.015	
704.50	0.015	
705.20	0.015	
706.00	0.016	
706.80	0.016	
707.50	0.016	
708.30	0.016	
709.10	0.016	
709.90	0.016	
710.70	0.016	
711.50	0.016	
712.20	0.016	
713.00	0.016	
713.80	0.015	
714.60	0.015	
715.40	0.015	
716.20	0.015	
716.90	0.015	
717.70	0.015	
718.50	0.015	
719.30	0.015	
720.10	0.015	
720.90	0.015	
721.60	0.015	
722.40	0.015	
723.20	0.015	
724.00	0.015	
724.80	0.015	
725.60	0.015	
726.30	0.016	
727.10	0.016	
727.90	0.016	
728.70	0.016	
729.50	0.016	
730.30	0.016	
731.00	0.016	
731.80	0.015	
732.60	0.015	
733.40	0.015	
734.20	0.015	
735.00	0.015	
735.70	0.015	
736.50	0.015	
737.30	0.015	
738.10	0.015	
738.90	0.015	
739.70	0.015	
740.40	0.015	
741.20	0.015	
742.00	0.015	
742.80	0.015	
743.60	0.015	
744.40	0.015	
745.10	0.015	
745.90	0.015	
746.70	0.015	
747.50	0.015	
748.30	0.015	
749.10	0.015	
749.80	0.015	
750.60	0.015	
751.40	0.015	
752.20	0.015	
753.00	0.015	
753.80	0.015	
754.50	0.015	
755.30	0.015	
756.10	0.015	
756.90	0.015	
757.70	0.015	
758.50	0.015	
759.30	0.015	
760.00	0.015	
760.80	0.015	
761.60	0.016	
762.40	0.016	
763.20	0.016	
764.00	0.015	
764.70	0.016	
765.50	0.015	
766.30	0.015	
767.10	0.015	
767.90	0.015	
768.70	0.015	
769.40	0.015	
770.20	0.015	
771.00	0.015	
771.80	0.015	
772.60	0.015	
773.40	0.015	
774.10	0.015	
774.90	0.015	
775.70	0.016	
776.50	0.015	
777.30	0.015	
778.10	0.015	
778.80	0.015	
779.60	0.015	
780.40	0.015	
781.20	0.015	
782.00	0.015	
782.80	0.015	
783.50	0.015	
784.30	0.015	
785.10	0.015	
785.90	0.015	
786.70	0.015	
787.50	0.015	
788.20	0.015	
789.00	0.015	
789.80	0.015	
790.60	0.016	
791.40	0.015	
792.20	0.016	
792.90	0.016	
793.70	0.016	
794.50	0.016	
795.30	0.016	
796.10	0.016	
796.90	0.016	
797.60	0.016	
798.40	0.016	
799.20	0.016	
800.00	0.016	
800.80	0.016	
801.60	0.016	
802.30	0.015	
803.10	0.015	
803.90	0.015	
804.70	0.015	
805.50	0.015	
806.30	0.015	
807.10	0.015	
807.80	0.015	
808.60	0.015	
809.40	0.015	
810.20	0.015	
811.00	0.015	
811.80	0.015	
812.50	0.015	
813.30	0.015	
814.10	0.015	
814.90	0.015	
815.70	0.015	
816.50	0.015	
817.20	0.015	
818.00	0.016	
818.80	0.015	
819.60	0.016	
820.40	0.016	
821.20	0.016	
821.90	0.016	
822.70	0.016	
823.50	0.016	
824.30	0.016	
825.10	0.016	
825.90	0.016	
826.60	0.016	
827.40	0.016	
828.20	0.016	
829.00	0.016	
829.80	0.016	
830.60	0.016	
831.30	0.016	
832.20	0.016	
833.00	0.016	
833.80	0.016	
834.60	0.015	
835.50	0.015	
836.30	0.015	
837.10	0.015	
838.00	0.015	
838.80	0.015	
839.60	0.015	
840.50	0.015	
841.30	0.015	
842.10	0.015	
842.90	0.015	
843.80	0.015	
844.60	0.015	
845.40	0.015	
846.30	0.015	
847.10	0.015	
847.90	0.016	
848.80	0.016	
849.60	0.016	
850.40	0.015	
851.30	0.015	
852.10	0.015	
852.90	0.015	
853.70	0.015	
854.60	0.015	
855.40	0.015	
856.20	0.015	
857.10	0.015	
857.90	0.015	
858.70	0.015	
859.60	0.015	
860.40	0.015	
861.20	0.015	
862.10	0.015	
862.90	0.015	
863.70	0.015	
864.50	0.015	
865.40	0.015	
866.20	0.015	
867.00	0.015	
867.90	0.015	
868.70	0.015	
869.50	0.015	
870.40	0.015	
871.20	0.015	
872.00	0.015	
872.80	0.015	
873.70	0.015	
874.50	0.015	
875.30	0.015	
876.20	0.015	
877.00	0.015	
877.80	0.015	
878.70	0.015	
879.50	0.015	
880.30	0.015	
881.20	0.015	
882.00	0.015	
882.80	0.015	
883.60	0.015	
884.50	0.015	
885.30	0.015	
886.10	0.016	
887.00	0.016	
887.80	0.016	
888.60	0.016	
889.50	0.016	
890.30	0.016	
891.10	0.016	
892.00	0.015	
892.80	0.015	
893.60	0.015	
894.40	0.015	
895.30	0.015	
896.10	0.015	
896.90	0.015	
897.80	0.015	
898.60	0.015	
899.40	0.015	