380.50	0.015	
381.30	0.015	
382.20	0.015	
383.10	0.015	
384.00	0.015	
384.90	0.015	
385.80	0.015	
386.70	0.015	
387.60	0.015	
388.50	0.015	
389.40	0.015	
390.20	0.015	
391.10	0.015	
392.00	0.015	
392.90	0.015	
393.80	0.015	
394.70	0.015	
395.60	0.015	
396.50	0.015	
397.40	0.015	
398.30	0.015	
399.10	0.015	
400.00	0.015	
400.90	0.015	
401.80	0.015	
402.70	0.015	
403.60	0.015	
404.50	0.015	
405.40	0.015	
406.30	0.015	
407.20	0.015	
408.00	0.015	
408.90	0.015	
409.80	0.015	
410.70	0.015	
411.60	0.015	
412.50	0.015	
413.40	0.015	
414.30	0.015	
415.20	0.015	
416.00	0.015	
416.90	0.015	
417.80	0.015	
418.70	0.015	
419.60	0.015	
420.50	0.015	
421.40	0.015	
422.30	0.015	
423.20	0.015	
424.10	0.015	
424.90	0.015	
425.80	0.015	
426.70	0.015	
427.60	0.015	
428.50	0.015	
429.40	0.015	
430.30	0.015	
431.20	0.015	
432.10	0.015	
433.00	0.016	
433.80	0.015	
434.70	0.015	
435.60	0.016	
436.50	0.016	
437.40	0.015	
438.30	0.015	
439.20	0.015	
440.10	0.015	
441.00	0.015	
441.90	0.015	
442.70	0.015	
443.60	0.015	
444.50	0.015	
445.40	0.015	
446.30	0.015	
447.20	0.015	
448.10	0.015	
449.00	0.015	
449.90	0.015	
450.80	0.015	
451.60	0.015	
452.50	0.015	
453.40	0.015	
454.30	0.015	
455.20	0.015	
456.10	0.015	
457.00	0.015	
457.90	0.015	
458.80	0.015	
459.60	0.015	
460.50	0.015	
461.40	0.015	
462.30	0.015	
463.20	0.015	
464.10	0.015	
465.00	0.015	
465.90	0.015	
466.80	0.015	
467.70	0.015	
468.50	0.015	
469.40	0.015	
470.30	0.015	
471.20	0.015	
472.10	0.015	
473.00	0.015	
473.90	0.015	
474.80	0.015	
475.70	0.015	
476.60	0.015	
477.40	0.015	
478.30	0.016	
479.20	0.016	
480.10	0.015	
481.00	0.015	
481.90	0.015	
482.80	0.016	
483.70	0.015	
484.60	0.015	
485.50	0.015	
486.30	0.015	
487.20	0.015	
488.10	0.015	
489.00	0.015	
489.90	0.015	
490.80	0.016	
491.70	0.016	
492.60	0.016	
493.50	0.016	
494.40	0.016	
495.20	0.016	
496.10	0.016	
497.00	0.016	
497.90	0.015	
498.80	0.015	
499.70	0.016	
500.60	0.015	
501.50	0.015	
502.40	0.015	
503.20	0.015	
504.10	0.015	
505.00	0.015	
505.90	0.015	
506.80	0.015	
507.70	0.015	
508.60	0.015	
509.50	0.015	
510.40	0.015	
511.30	0.015	
512.20	0.015	
513.00	0.015	
513.80	0.015	
514.60	0.015	
515.50	0.015	
516.30	0.015	
517.10	0.015	
517.90	0.015	
518.80	0.015	
519.60	0.015	
520.40	0.015	
521.20	0.015	
522.10	0.015	
522.90	0.015	
523.70	0.015	
524.50	0.015	
525.40	0.015	
526.20	0.015	
527.00	0.016	
527.80	0.016	
528.70	0.016	
529.50	0.015	
530.30	0.016	
531.10	0.016	
532.00	0.016	
532.80	0.016	
533.60	0.016	
534.50	0.016	
535.30	0.016	
536.10	0.016	
536.90	0.016	
537.80	0.016	
538.60	0.015	
539.40	0.016	
540.20	0.016	
541.10	0.016	
541.90	0.016	
542.70	0.016	
543.50	0.016	
544.40	0.016	
545.20	0.016	
546.00	0.016	
546.80	0.016	
547.70	0.016	
548.50	0.016	
549.30	0.015	
550.10	0.016	
551.00	0.015	
551.80	0.015	
552.60	0.015	
553.50	0.015	
554.30	0.016	
555.10	0.016	
555.90	0.016	
556.80	0.016	
557.60	0.016	
558.40	0.016	
559.20	0.016	
560.10	0.016	
560.90	0.016	
561.70	0.016	
562.50	0.016	
563.40	0.016	
564.20	0.016	
565.00	0.016	
565.80	0.016	
566.70	0.016	
567.50	0.016	
568.30	0.016	
569.10	0.016	
570.00	0.016	
570.80	0.016	
571.60	0.016	
572.40	0.016	
573.30	0.016	
574.10	0.016	
574.90	0.016	
575.80	0.017	
576.60	0.017	
577.40	0.017	
578.20	0.017	
579.10	0.017	
579.90	0.017	
580.70	0.017	
581.50	0.017	
582.40	0.018	
583.20	0.018	
584.00	0.018	
584.80	0.018	
585.70	0.018	
586.50	0.018	
587.30	0.019	
588.10	0.019	
588.90	0.019	
589.60	0.019	
590.40	0.019	
591.10	0.019	
591.90	0.020	
592.60	0.020	
593.40	0.020	
594.10	0.020	
594.90	0.021	
595.60	0.021	
596.40	0.021	
597.10	0.021	
597.90	0.022	
598.60	0.022	
599.40	0.022	
600.10	0.022	
600.90	0.023	
601.60	0.023	
602.40	0.024	
603.10	0.024	
603.90	0.026	
604.60	0.027	
605.40	0.028	
606.10	0.030	
606.90	0.031	
607.70	0.034	
608.40	0.037	
609.20	0.040	
609.90	0.043	
610.70	0.046	
611.40	0.047	
612.20	0.047	
612.90	0.046	
613.70	0.043	
614.40	0.040	
615.20	0.036	
615.90	0.033	
616.70	0.031	
617.40	0.030	
618.20	0.029	
618.90	0.029	
619.70	0.029	
620.40	0.030	
621.20	0.031	
621.90	0.032	
622.70	0.034	
623.40	0.036	
624.20	0.039	
624.90	0.044	
625.70	0.055	
626.40	0.075	
627.20	0.103	
627.90	0.129	
628.70	0.148	
629.40	0.160	
630.20	0.169	
630.90	0.174	
631.70	0.168	
632.40	0.149	
633.20	0.125	
633.90	0.105	
634.70	0.090	
635.40	0.075	
636.20	0.058	
636.90	0.042	
637.70	0.031	
638.40	0.026	
639.20	0.024	
639.90	0.023	
640.70	0.022	
641.40	0.023	
642.20	0.023	
642.90	0.024	
643.70	0.025	
644.50	0.026	
645.20	0.026	
646.00	0.027	
646.70	0.026	
647.50	0.025	
648.20	0.024	
649.00	0.023	
649.70	0.022	
650.50	0.021	
651.20	0.021	
652.00	0.020	
652.70	0.020	
653.50	0.020	
654.20	0.019	
655.00	0.019	
655.70	0.019	
656.50	0.019	
657.20	0.018	
658.00	0.018	
658.70	0.018	
659.50	0.018	
660.20	0.018	
661.00	0.018	
661.70	0.018	
662.50	0.018	
663.20	0.017	
664.00	0.017	
664.70	0.017	
665.50	0.017	
666.20	0.017	
667.00	0.017	
667.80	0.017	
668.50	0.017	
669.30	0.017	
670.00	0.017	
670.80	0.017	
671.60	0.017	
672.30	0.017	
673.10	0.017	
673.90	0.017	
674.60	0.017	
675.40	0.017	
676.20	0.016	
676.90	0.016	
677.70	0.016	
678.50	0.016	
679.20	0.016	
680.00	0.016	
680.70	0.016	
681.50	0.016	
682.30	0.016	
683.00	0.016	
683.80	0.016	
684.60	0.016	
685.30	0.016	
686.10	0.016	
686.90	0.016	
687.60	0.016	
688.40	0.016	
689.20	0.016	
689.90	0.016	
690.70	0.016	
691.50	0.016	
692.20	0.016	
693.00	0.016	
693.70	0.016	
694.50	0.016	
695.30	0.016	
696.00	0.016	
696.80	0.016	
697.60	0.016	
698.30	0.016	
699.10	0.016	
699.90	0.016	
700.60	0.016	
701.40	0.016	
702.20	0.016	
702.90	0.016	
703.70	0.016	
704.50	0.016	
705.20	0.016	
706.00	0.016	
706.80	0.016	
707.50	0.016	
708.30	0.016	
709.10	0.016	
709.90	0.015	
710.70	0.015	
711.50	0.015	
712.20	0.016	
713.00	0.016	
713.80	0.016	
714.60	0.016	
715.40	0.016	
716.20	0.016	
716.90	0.015	
717.70	0.015	
718.50	0.015	
719.30	0.015	
720.10	0.015	
720.90	0.015	
721.60	0.015	
722.40	0.015	
723.20	0.015	
724.00	0.015	
724.80	0.015	
725.60	0.015	
726.30	0.015	
727.10	0.015	
727.90	0.015	
728.70	0.015	
729.50	0.015	
730.30	0.015	
731.00	0.015	
731.80	0.015	
732.60	0.015	
733.40	0.015	
734.20	0.015	
735.00	0.016	
735.70	0.015	
736.50	0.015	
737.30	0.015	
738.10	0.015	
738.90	0.015	
739.70	0.015	
740.40	0.015	
741.20	0.015	
742.00	0.016	
742.80	0.016	
743.60	0.015	
744.40	0.015	
745.10	0.015	
745.90	0.015	
746.70	0.015	
747.50	0.015	
748.30	0.015	
749.10	0.015	
749.80	0.015	
750.60	0.015	
751.40	0.015	
752.20	0.015	
753.00	0.015	
753.80	0.015	
754.50	0.015	
755.30	0.015	
756.10	0.015	
756.90	0.015	
757.70	0.015	
758.50	0.015	
759.30	0.015	
760.00	0.015	
760.80	0.015	
761.60	0.015	
762.40	0.015	
763.20	0.015	
764.00	0.015	
764.70	0.015	
765.50	0.015	
766.30	0.015	
767.10	0.015	
767.90	0.015	
768.70	0.015	
769.40	0.015	
770.20	0.015	
771.00	0.015	
771.80	0.015	
772.60	0.015	
773.40	0.015	
774.10	0.015	
774.90	0.015	
775.70	0.015	
776.50	0.015	
777.30	0.015	
778.10	0.015	
778.80	0.015	
779.60	0.015	
780.40	0.015	
781.20	0.015	
782.00	0.015	
782.80	0.015	
783.50	0.015	
784.30	0.015	
785.10	0.015	
785.90	0.015	
786.70	0.015	
787.50	0.015	
788.20	0.015	
789.00	0.015	
789.80	0.015	
790.60	0.015	
791.40	0.015	
792.20	0.015	
792.90	0.015	
793.70	0.015	
794.50	0.015	
795.30	0.015	
796.10	0.015	
796.90	0.015	
797.60	0.015	
798.40	0.015	
799.20	0.015	
800.00	0.015	
800.80	0.015	
801.60	0.015	
802.30	0.015	
803.10	0.015	
803.90	0.015	
804.70	0.015	
805.50	0.015	
806.30	0.015	
807.10	0.015	
807.80	0.015	
808.60	0.015	
809.40	0.015	
810.20	0.015	
811.00	0.015	
811.80	0.015	
812.50	0.015	
813.30	0.015	
814.10	0.015	
814.90	0.016	
815.70	0.015	
816.50	0.015	
817.20	0.015	
818.00	0.015	
818.80	0.015	
819.60	0.015	
820.40	0.015	
821.20	0.015	
821.90	0.015	
822.70	0.015	
823.50	0.016	
824.30	0.016	
825.10	0.016	
825.90	0.016	
826.60	0.016	
827.40	0.016	
828.20	0.016	
829.00	0.015	
829.80	0.015	
830.60	0.015	
831.30	0.015	
832.20	0.015	
833.00	0.015	
833.80	0.015	
834.60	0.015	
835.50	0.015	
836.30	0.015	
837.10	0.015	
838.00	0.015	
838.80	0.015	
839.60	0.015	
840.50	0.015	
841.30	0.015	
842.10	0.015	
842.90	0.015	
843.80	0.015	
844.60	0.015	
845.40	0.015	
846.30	0.015	
847.10	0.015	
847.90	0.015	
848.80	0.015	
849.60	0.015	
850.40	0.015	
851.30	0.015	
852.10	0.015	
852.90	0.015	
853.70	0.015	
854.60	0.015	
855.40	0.015	
856.20	0.015	
857.10	0.015	
857.90	0.015	
858.70	0.015	
859.60	0.015	
860.40	0.015	
861.20	0.015	
862.10	0.015	
862.90	0.015	
863.70	0.015	
864.50	0.015	
865.40	0.015	
866.20	0.015	
867.00	0.015	
867.90	0.015	
868.70	0.015	
869.50	0.015	
870.40	0.015	
871.20	0.015	
872.00	0.015	
872.80	0.015	
873.70	0.015	
874.50	0.015	
875.30	0.015	
876.20	0.015	
877.00	0.015	
877.80	0.015	
878.70	0.015	
879.50	0.015	
880.30	0.015	
881.20	0.015	
882.00	0.015	
882.80	0.015	
883.60	0.015	
884.50	0.015	
885.30	0.015	
886.10	0.015	
887.00	0.015	
887.80	0.015	
888.60	0.015	
889.50	0.015	
890.30	0.015	
891.10	0.015	
892.00	0.015	
892.80	0.015	
893.60	0.015	
894.40	0.015	
895.30	0.015	
896.10	0.015	
896.90	0.015	
897.80	0.015	
898.60	0.015	
899.40	0.015	